11 10
13 10
14 10
17 10
23 10
27 10
30 12
36 12
44 14
47 14
55 15
63 15
71 15
79 18
83 19
88 19
92 20
94 21
96 21
98 21
101 21
104 21
107 21
110 21
115 21
118 21
124 23
129 23
134 23
140 25
143 25
146 25
149 25
152 25
157 25
160 25
163 25
166 25
169 25
172 25
176 25
178 25
181 25
184 25
187 25
190 25
192 25
195 25
196 25
199 25
200 25
201 25
203 25
206 25
207 25
208 25
210 25
211 25
213 25
215 25
218 25
221 25
222 25
224 25
225 25
226 25
224 25
223 26
220 27
212 29
201 34
188 36
174 38
155 41
134 47
115 52
104 54
93 56
81 56
74 58
66 60
57 63
52 64
46 66
42 68
37 70
31 70
27 73
22 74
21 74
18 75
16 76
13 77
7 78
4 78
3 80
0 80
-2 80
1 81
16 81
29 81
43 81
53 81
66 81
78 81
90 81
103 83
117 85
125 85
133 87
141 87
146 87
149 87
155 87
159 87
163 87
166 87
169 87
172 87
175 87
176 87
179 87
182 87
183 87
185 87
186 87
188 87
189 87
191 87
192 87
195 88
195 89
196 89
198 89
199 90
200 90
202 90
204 91
204 93
203 93
201 93
194 96
183 98
170 103
159 105
148 107
137 109
124 109
113 112
102 114
91 116
79 117
72 118
63 120
53 122
48 124
44 126
37 127
33 128
26 133
21 134
16 136
12 137
9 139
7 140
4 141
1 142
-1 143
2 143
5 143
12 143
20 143
31 143
39 143
49 143
60 143
68 143
76 143
81 143
89 143
97 143
106 143
114 143
124 143
132 143
140 143
147 143
152 143
159 143
162 143
165 143
169 143
171 143
174 143
175 143
177 143
180 143
181 143
182 143
184 143
185 143
186 143
187 143
189 143
190 143
191 143
192 144
192 145
192 146
191 147
189 148
188 148
185 150
182 150
172 152
153 154
135 157
122 159
111 161
97 163
88 163
78 166
66 169
57 170
50 172
40 174
34 176
31 178
29 180
27 181
22 182
19 182
18 184
15 184
14 184
14 185
13 185
13 186
14 186
15 186
17 186
20 184
23 184
28 184
33 184
39 184
44 184
55 184
63 184
71 184
82 185
90 185
96 185
106 187
109 187
116 189
120 189
127 191
130 191
136 193
139 193
142 193
147 193
150 193
153 193
154 193
157 193
160 193
161 193
163 194
166 194
168 195
170 196
171 196
174 196
176 196
177 196
178 196
179 196
181 197
182 197
185 197
188 197
191 197
193 199
195 199
197 199
200 199
201 199
204 200
207 200
208 200
210 200
211 200
212 200
